error(train): 0.310000
error(test): 0.312500
error(validation): 0.350000